$ 1 0.000005 6.450009306485578 50 5 43
v 16 112 16 304 0 1 60 127 0 0 0.5
T 112 112 192 304 0 4 0.18 -0.09417948086098824 -0.06836592913260138 0.999
w 16 112 112 112 0
w 16 304 112 304 0
d 192 112 320 112 2 default
d 368 304 192 304 2 default
d 192 304 320 112 2 default
d 368 304 192 112 2 default
c 400 112 400 304 0 0.00047 20.162803777433677
w 320 112 400 112 0
w 368 304 400 304 0
w 400 112 480 112 0
w 400 304 496 304 0
w 480 112 496 112 0
34 zvoltage\q12.9 0 1.7143528192808883e-7 0 2 12.9
z 496 304 496 176 2 zvoltage\q12.9
r 496 112 496 176 0 500
w 496 112 608 112 0
t 576 160 608 160 0 1 -7.36303050145902 0.7171146051234025 100
w 608 112 608 144 0
w 496 176 544 176 0
w 496 304 544 304 0
174 544 176 544 224 1 700 0.005 Resistance
w 560 208 576 160 0
r 640 176 640 304 0 120
w 544 304 640 304 0
w 608 176 640 176 0
r 544 240 544 304 0 300
162 704 256 704 304 2 default-led 1 0 0 0.01
w 640 176 704 176 0
w 640 304 704 304 0
r 704 176 704 256 0 1000
o 0 64 0 4099 160 0.4 0 2 0 3
o 8 64 0 4099 80 3.2 1 2 8 3
o 23 64 0 4099 20 0.2 2 2 23 3
o 14 64 0 4099 20 0.0125 3 2 14 3
o 15 64 0 4099 10 0.05 4 2 15 3
