$ 1 0.000005 2.3728258192205156 43 5 43
v -160 336 -160 128 0 1 60 127 0 0 0.5
T -32 128 -16 336 0 4 0.16 -0.027268174350627172 -5.047351425702118e-13 0.999
d 64 128 208 128 2 default
d 208 336 64 128 2 default
d 48 336 208 128 2 default
d 208 336 48 336 2 default
w -160 128 -32 128 0
w -16 128 64 128 0
w -160 336 -32 336 0
w -16 336 48 336 0
w 208 128 336 128 0
w 208 336 336 336 0
c 336 128 336 336 0 0.00027000000000000006 18.76945398122437
w 336 128 400 128 0
w 336 336 512 336 0
w 512 336 560 336 0
w 560 336 704 336 0
r 704 256 704 336 0 120
34 zvoltage\q12 0 1.7143528192810002e-7 0 2 13
z 512 336 512 208 2 zvoltage\q12
w 400 128 512 128 0
w 672 128 672 224 0
r 512 128 512 208 0 680
t 576 240 672 240 0 1 -5.845076404660074 0.7173833826607838 100
w 512 128 672 128 0
w 672 256 704 256 0
174 560 208 560 272 1 6700 0.005 Resistance
w 512 208 560 208 0
r 560 272 560 336 0 3300
162 784 256 784 336 2 default-led 1 0 0 0.01
w 704 336 784 336 0
r 704 256 784 256 0 1000
o 17 32 0 4099 20 0.2 0 2 17 3
o 18 64 0 4099 20 0.05 1 2 18 3
o 21 64 0 4099 40 0.05 2 2 21 3
38 17 0 1 1000 Resistance
